# unix_time, cycles_done, cur_path, paths_total, pending_total, pending_favs, map_size, unique_crashes, unique_hangs, max_depth, execs_per_sec
1643197511, 0, 0, 1, 1, 1, 0.06%, 0, 0, 1, 2666.67
1643197516, 0, 0, 14, 14, 1, 0.39%, 0, 0, 2, 4137.86
1643197521, 0, 12, 24, 16, 4, 0.73%, 0, 0, 3, 4618.24
1643197527, 0, 12, 32, 24, 4, 0.77%, 0, 0, 3, 4469.97
1643197532, 0, 15, 39, 29, 8, 0.78%, 0, 0, 4, 4547.22
1643197537, 0, 22, 45, 31, 6, 0.79%, 0, 0, 4, 4659.83
1643197542, 0, 23, 56, 41, 6, 0.82%, 0, 0, 4, 4458.89
1643197547, 0, 28, 65, 48, 12, 0.88%, 0, 0, 4, 4698.56
1643197552, 0, 29, 89, 71, 11, 1.10%, 0, 0, 4, 4548.06
1643197557, 0, 57, 94, 72, 20, 1.12%, 0, 0, 5, 4669.53
1643197562, 0, 66, 121, 96, 20, 1.31%, 0, 0, 5, 4512.63
1643197567, 0, 66, 129, 104, 20, 1.35%, 0, 0, 5, 4572.14
