# unix_time, cycles_done, cur_path, paths_total, pending_total, pending_favs, map_size, unique_crashes, unique_hangs, max_depth, execs_per_sec
1643200161, 0, 0, 1, 1, 1, 0.07%, 0, 0, 1, 2666.67
1643200166, 2, 7, 9, 0, 0, 0.17%, 0, 0, 5, 4528.60
1643200172, 8, 3, 9, 0, 0, 0.17%, 0, 0, 5, 4602.83
1643200177, 13, 7, 9, 0, 0, 0.17%, 0, 0, 5, 4860.21
1643200182, 19, 5, 9, 0, 0, 0.17%, 0, 0, 5, 4948.63
1643200187, 24, 7, 9, 0, 0, 0.17%, 0, 0, 5, 4719.06
1643200192, 30, 4, 9, 0, 0, 0.17%, 0, 0, 5, 4884.21
1643200197, 35, 7, 9, 0, 0, 0.17%, 0, 0, 5, 4720.12
1643200202, 41, 0, 9, 0, 0, 0.17%, 0, 0, 5, 4719.72
1643200208, 46, 7, 9, 0, 0, 0.17%, 0, 0, 5, 4843.26
1643200213, 51, 8, 9, 0, 0, 0.17%, 0, 0, 5, 4672.09
1643200218, 57, 6, 9, 0, 0, 0.17%, 0, 0, 5, 4737.84
