# unix_time, cycles_done, cur_path, paths_total, pending_total, pending_favs, map_size, unique_crashes, unique_hangs, max_depth, execs_per_sec
1643196523, 0, 0, 1, 1, 1, 0.07%, 0, 0, 1, 2666.67
1643196528, 0, 0, 15, 15, 1, 0.33%, 0, 0, 2, 4446.88
1643196533, 0, 8, 21, 15, 5, 0.38%, 0, 0, 3, 4805.93
1643196538, 0, 19, 32, 21, 8, 0.46%, 0, 0, 4, 4886.86
1643196543, 0, 35, 44, 21, 7, 0.52%, 0, 0, 6, 4895.02
1643196548, 1, 7, 44, 13, 0, 0.52%, 0, 0, 6, 4881.87
1643196553, 2, 22, 44, 9, 0, 0.52%, 0, 0, 6, 4891.53
1643196558, 3, 1, 44, 8, 0, 0.52%, 0, 0, 6, 4837.42
1643196563, 3, 35, 44, 5, 0, 0.52%, 0, 0, 6, 4776.35
1643196569, 4, 31, 44, 4, 0, 0.52%, 0, 0, 6, 4602.15
1643196574, 5, 18, 44, 4, 0, 0.52%, 0, 0, 6, 4457.62
1643196579, 6, 5, 44, 4, 0, 0.52%, 0, 0, 6, 4672.39
