# unix_time, cycles_done, cur_path, paths_total, pending_total, pending_favs, map_size, unique_crashes, unique_hangs, max_depth, execs_per_sec
1643200558, 0, 0, 1, 1, 1, 0.07%, 0, 0, 1, 2666.67
1643200563, 0, 0, 9, 9, 1, 0.13%, 0, 0, 2, 4508.34
1643200569, 0, 13, 22, 16, 2, 0.31%, 0, 0, 5, 4848.84
1643200574, 0, 20, 25, 17, 5, 0.34%, 0, 0, 5, 4722.57
1643200579, 0, 24, 29, 18, 4, 0.40%, 0, 0, 6, 4698.21
1643200584, 0, 27, 32, 19, 5, 0.42%, 0, 0, 7, 4846.23
1643200589, 0, 32, 36, 19, 4, 0.44%, 0, 0, 8, 4668.16
1643200594, 1, 23, 36, 13, 0, 0.44%, 0, 0, 8, 4738.19
1643200599, 2, 19, 36, 10, 0, 0.44%, 0, 0, 8, 4803.54
1643200604, 2, 30, 36, 7, 0, 0.44%, 0, 0, 8, 4637.35
1643200609, 3, 26, 36, 5, 0, 0.44%, 0, 0, 8, 4782.56
1643200614, 4, 15, 36, 4, 0, 0.44%, 0, 0, 8, 4761.05
