# unix_time, cycles_done, cur_path, paths_total, pending_total, pending_favs, map_size, unique_crashes, unique_hangs, max_depth, execs_per_sec
1643200358, 0, 0, 1, 1, 1, 0.07%, 0, 0, 1, 2666.67
1643200364, 0, 7, 12, 7, 2, 0.28%, 0, 0, 5, 4588.18
1643200369, 2, 11, 13, 2, 0, 0.28%, 0, 0, 6, 4697.16
1643200374, 5, 11, 13, 0, 0, 0.28%, 0, 0, 6, 4835.04
1643200379, 7, 13, 14, 1, 1, 0.30%, 0, 0, 6, 4897.80
1643200384, 10, 9, 14, 0, 0, 0.30%, 0, 0, 6, 5028.29
1643200389, 12, 13, 14, 0, 0, 0.30%, 0, 0, 6, 4810.68
1643200394, 14, 14, 16, 2, 1, 0.32%, 0, 0, 7, 4819.04
1643200399, 14, 15, 16, 1, 1, 0.32%, 0, 0, 7, 4934.88
1643200405, 15, 15, 16, 0, 0, 0.32%, 0, 0, 7, 4753.54
1643200410, 17, 6, 16, 0, 0, 0.32%, 0, 0, 7, 4850.17
1643200415, 18, 15, 16, 0, 0, 0.32%, 0, 0, 7, 4904.31
