# unix_time, cycles_done, cur_path, paths_total, pending_total, pending_favs, map_size, unique_crashes, unique_hangs, max_depth, execs_per_sec
1643196831, 0, 0, 1, 1, 1, 0.07%, 0, 0, 1, 2666.67
1643196836, 0, 0, 14, 14, 1, 0.32%, 0, 0, 2, 4385.44
1643196841, 0, 15, 25, 17, 3, 0.43%, 0, 0, 4, 4722.48
1643196846, 0, 15, 34, 26, 3, 0.47%, 0, 0, 4, 4637.82
1643196851, 0, 19, 46, 35, 10, 0.59%, 0, 0, 5, 4579.04
1643196856, 0, 30, 53, 41, 15, 0.64%, 0, 0, 5, 4709.73
1643196861, 0, 40, 58, 39, 12, 0.65%, 0, 0, 5, 4571.81
1643196867, 0, 48, 61, 35, 8, 0.67%, 0, 0, 6, 4633.31
1643196872, 0, 51, 69, 41, 9, 0.81%, 0, 0, 6, 4719.09
1643196877, 0, 63, 77, 42, 11, 0.86%, 0, 0, 7, 4814.63
1643196882, 0, 70, 79, 37, 9, 0.87%, 0, 0, 7, 4619.47
1643196887, 0, 76, 85, 37, 9, 0.92%, 0, 0, 8, 4637.02
