# unix_time, cycles_done, cur_path, paths_total, pending_total, pending_favs, map_size, unique_crashes, unique_hangs, max_depth, execs_per_sec
1643196225, 0, 0, 1, 1, 1, 0.07%, 0, 0, 1, 2666.67
1643196230, 0, 0, 14, 14, 1, 0.27%, 0, 0, 2, 4466.53
1643196235, 0, 10, 21, 12, 7, 0.30%, 0, 0, 3, 4804.67
1643196240, 2, 0, 23, 2, 0, 0.32%, 0, 0, 3, 4872.51
1643196245, 3, 17, 23, 0, 0, 0.32%, 0, 0, 3, 4881.05
1643196250, 5, 18, 23, 0, 0, 0.32%, 0, 0, 3, 4885.21
1643196256, 7, 19, 23, 0, 0, 0.32%, 0, 0, 3, 4883.90
1643196261, 9, 19, 23, 0, 0, 0.32%, 0, 0, 3, 4878.09
1643196266, 11, 19, 23, 0, 0, 0.32%, 0, 0, 3, 4884.45
1643196271, 13, 21, 23, 0, 0, 0.32%, 0, 0, 3, 4887.91
1643196276, 15, 21, 23, 0, 0, 0.32%, 0, 0, 3, 4888.25
1643196281, 17, 22, 23, 0, 0, 0.32%, 0, 0, 3, 4884.33
