# unix_time, cycles_done, cur_path, paths_total, pending_total, pending_favs, map_size, unique_crashes, unique_hangs, max_depth, execs_per_sec
1643198117, 0, 0, 1, 1, 1, 0.07%, 0, 0, 1, 2666.67
1643198122, 0, 7, 12, 7, 2, 0.38%, 0, 0, 5, 4532.91
1643198127, 0, 8, 13, 7, 3, 0.40%, 0, 0, 5, 4759.88
1643198133, 2, 8, 14, 3, 0, 0.40%, 0, 0, 6, 5007.66
1643198138, 4, 9, 14, 2, 0, 0.40%, 0, 0, 6, 4771.02
1643198143, 6, 14, 16, 3, 1, 0.41%, 0, 0, 6, 4896.86
1643198148, 7, 8, 16, 1, 0, 0.41%, 0, 0, 6, 4835.10
1643198153, 8, 15, 16, 1, 0, 0.41%, 0, 0, 6, 4746.16
1643198158, 11, 0, 16, 0, 0, 0.41%, 0, 0, 6, 4921.31
1643198164, 13, 7, 16, 0, 0, 0.41%, 0, 0, 6, 4842.10
1643198169, 15, 7, 16, 0, 0, 0.41%, 0, 0, 6, 4787.77
1643198174, 17, 8, 16, 0, 0, 0.41%, 0, 0, 6, 4933.95
