# unix_time, cycles_done, cur_path, paths_total, pending_total, pending_favs, map_size, unique_crashes, unique_hangs, max_depth, execs_per_sec
1643198918, 0, 0, 1, 1, 1, 0.07%, 0, 0, 1, 2666.67
1643198923, 0, 9, 14, 9, 0, 0.28%, 0, 0, 5, 4404.36
1643198928, 0, 13, 19, 13, 2, 0.42%, 0, 0, 6, 4587.08
1643198933, 0, 20, 30, 21, 3, 0.51%, 0, 0, 8, 4809.78
1643198938, 0, 24, 31, 20, 6, 0.51%, 0, 0, 8, 4619.53
1643198943, 0, 25, 36, 24, 5, 0.53%, 0, 0, 9, 4784.18
1643198948, 0, 32, 37, 21, 4, 0.55%, 0, 0, 9, 4868.98
1643198953, 0, 39, 42, 23, 2, 0.60%, 0, 0, 11, 4667.36
1643198958, 0, 40, 45, 25, 2, 0.60%, 0, 0, 12, 4774.70
1643198963, 1, 17, 47, 21, 0, 0.62%, 0, 0, 14, 4826.31
1643198968, 2, 6, 47, 19, 0, 0.62%, 0, 0, 14, 4711.21
1643198974, 2, 26, 47, 16, 0, 0.62%, 0, 0, 14, 4637.51
