# unix_time, cycles_done, cur_path, paths_total, pending_total, pending_favs, map_size, unique_crashes, unique_hangs, max_depth, execs_per_sec
1643201322, 0, 0, 1, 1, 1, 0.09%, 0, 0, 1, 2666.67
1643201327, 2, 6, 12, 7, 1, 0.39%, 0, 0, 5, 4371.43
1643201333, 2, 9, 16, 10, 3, 0.47%, 0, 0, 6, 4755.13
1643201338, 2, 11, 21, 13, 6, 0.51%, 0, 0, 6, 4569.84
1643201343, 2, 15, 23, 12, 6, 0.54%, 0, 0, 7, 4651.84
1643201348, 2, 19, 24, 10, 4, 0.55%, 0, 0, 7, 4718.02
1643201353, 2, 23, 24, 6, 1, 0.55%, 0, 0, 7, 4825.23
1643201358, 3, 13, 24, 4, 0, 0.55%, 0, 0, 7, 4610.55
1643201363, 3, 23, 24, 4, 0, 0.55%, 0, 0, 7, 4615.97
1643201368, 4, 20, 24, 3, 0, 0.55%, 0, 0, 7, 4732.99
1643201373, 5, 12, 24, 1, 0, 0.55%, 0, 0, 7, 4556.79
1643201379, 6, 14, 24, 1, 0, 0.55%, 0, 0, 7, 4651.11
