# unix_time, cycles_done, cur_path, paths_total, pending_total, pending_favs, map_size, unique_crashes, unique_hangs, max_depth, execs_per_sec
1643198388, 0, 0, 1, 1, 1, 0.07%, 0, 0, 1, 2666.67
1643198393, 1, 3, 10, 7, 0, 0.36%, 0, 0, 4, 4233.22
1643198399, 1, 8, 13, 9, 2, 0.40%, 0, 0, 5, 4751.66
1643198404, 1, 9, 16, 11, 2, 0.41%, 0, 0, 5, 4884.62
1643198409, 1, 11, 20, 14, 3, 0.48%, 0, 0, 6, 4700.95
1643198414, 1, 14, 23, 15, 4, 0.49%, 0, 0, 6, 4826.13
1643198419, 1, 20, 28, 17, 5, 0.54%, 0, 0, 7, 4657.33
1643198424, 1, 27, 31, 16, 4, 0.58%, 0, 0, 8, 4604.01
1643198429, 1, 30, 31, 13, 1, 0.58%, 0, 0, 8, 4726.36
1643198434, 2, 25, 31, 9, 0, 0.58%, 0, 0, 8, 4839.90
1643198439, 3, 22, 31, 8, 0, 0.58%, 0, 0, 8, 4667.77
1643198444, 4, 13, 31, 7, 0, 0.58%, 0, 0, 8, 4672.88
