# unix_time, cycles_done, cur_path, paths_total, pending_total, pending_favs, map_size, unique_crashes, unique_hangs, max_depth, execs_per_sec
1643195236, 0, 0, 1, 1, 1, 0.01%, 0, 0, 1, 888.89
1643195241, 18, 0, 2, 0, 0, 0.01%, 0, 0, 2, 2000.20
1643195246, 43, 1, 2, 0, 0, 0.01%, 0, 0, 2, 2489.56
1643195251, 73, 0, 2, 0, 0, 0.01%, 0, 0, 2, 2963.79
1643195256, 108, 0, 2, 0, 0, 0.01%, 0, 0, 2, 3344.37
1643195261, 141, 1, 2, 0, 0, 0.01%, 0, 0, 2, 3384.58
1643195267, 153, 1, 3, 0, 0, 0.01%, 0, 0, 3, 3744.32
1643195272, 157, 2, 3, 0, 0, 0.01%, 0, 0, 3, 3541.40
1643195277, 161, 1, 3, 0, 0, 0.01%, 0, 0, 3, 3057.80
1643195282, 165, 2, 3, 0, 0, 0.01%, 0, 0, 3, 3358.23
1643195287, 170, 2, 3, 0, 0, 0.01%, 0, 0, 3, 3731.01
1643195292, 174, 2, 3, 0, 0, 0.01%, 0, 0, 3, 3657.12
