# unix_time, cycles_done, cur_path, paths_total, pending_total, pending_favs, map_size, unique_crashes, unique_hangs, max_depth, execs_per_sec
1643197917, 0, 0, 1, 1, 1, 0.07%, 0, 0, 1, 2666.67
1643197923, 2, 0, 6, 0, 0, 0.18%, 0, 0, 2, 4565.41
1643197928, 6, 8, 10, 2, 2, 0.23%, 0, 0, 4, 4850.87
1643197933, 7, 2, 10, 0, 0, 0.23%, 0, 0, 4, 4816.03
1643197938, 9, 9, 10, 0, 0, 0.23%, 0, 0, 4, 4978.74
1643197943, 13, 7, 10, 0, 0, 0.23%, 0, 0, 4, 4894.32
1643197948, 17, 5, 10, 0, 0, 0.23%, 0, 0, 4, 4840.95
1643197954, 21, 2, 10, 0, 0, 0.23%, 0, 0, 4, 5013.78
1643197959, 24, 9, 10, 0, 0, 0.23%, 0, 0, 4, 4861.48
1643197964, 28, 7, 10, 0, 0, 0.23%, 0, 0, 4, 4860.76
1643197969, 32, 4, 10, 0, 0, 0.23%, 0, 0, 4, 4938.71
1643197974, 36, 0, 10, 0, 0, 0.23%, 0, 0, 4, 4801.98
