# unix_time, cycles_done, cur_path, paths_total, pending_total, pending_favs, map_size, unique_crashes, unique_hangs, max_depth, execs_per_sec
1643200764, 0, 0, 1, 1, 1, 0.07%, 0, 0, 1, 2666.67
1643200769, 1, 3, 12, 9, 0, 0.27%, 0, 0, 3, 4506.91
1643200774, 1, 11, 17, 12, 2, 0.33%, 0, 0, 4, 4762.65
1643200779, 1, 14, 22, 16, 4, 0.38%, 0, 0, 5, 4654.42
1643200784, 1, 14, 25, 19, 4, 0.40%, 0, 0, 5, 4643.80
1643200789, 1, 15, 28, 21, 4, 0.40%, 0, 0, 5, 4857.14
1643200794, 1, 20, 31, 23, 3, 0.41%, 0, 0, 6, 4797.21
1643200799, 1, 22, 37, 28, 5, 0.50%, 0, 0, 6, 4829.53
1643200804, 1, 29, 38, 26, 8, 0.50%, 0, 0, 6, 4659.32
1643200809, 1, 32, 46, 31, 6, 0.58%, 0, 0, 7, 4793.54
1643200815, 1, 33, 49, 33, 10, 0.59%, 0, 0, 7, 4757.91
1643200820, 1, 36, 51, 32, 10, 0.60%, 0, 0, 7, 4678.86
