# unix_time, cycles_done, cur_path, paths_total, pending_total, pending_favs, map_size, unique_crashes, unique_hangs, max_depth, execs_per_sec
1643197156, 0, 0, 1, 1, 1, 0.07%, 0, 0, 1, 2666.67
1643197161, 0, 0, 16, 16, 1, 0.46%, 0, 0, 2, 4391.59
1643197166, 0, 12, 38, 30, 5, 0.74%, 0, 0, 3, 4618.32
1643197171, 0, 14, 51, 42, 18, 0.76%, 0, 0, 3, 4659.86
1643197176, 0, 31, 69, 53, 15, 0.98%, 0, 0, 4, 4531.03
1643197181, 0, 31, 73, 57, 15, 0.98%, 0, 0, 4, 4647.73
1643197187, 0, 35, 81, 61, 20, 1.05%, 0, 0, 4, 4600.76
1643197192, 0, 35, 82, 62, 20, 1.07%, 0, 0, 4, 4504.16
1643197197, 0, 51, 87, 63, 21, 1.09%, 0, 0, 5, 4539.81
1643197202, 0, 63, 106, 77, 22, 1.18%, 0, 0, 5, 4365.19
1643197207, 0, 63, 114, 85, 22, 1.21%, 0, 0, 5, 4516.43
1643197212, 0, 73, 118, 84, 32, 1.22%, 0, 0, 5, 4636.35
