# unix_time, cycles_done, cur_path, paths_total, pending_total, pending_favs, map_size, unique_crashes, unique_hangs, max_depth, execs_per_sec
1643200969, 0, 0, 1, 1, 1, 0.09%, 0, 0, 1, 2666.67
1643200974, 11, 0, 4, 0, 0, 0.23%, 0, 0, 2, 4307.46
1643200979, 25, 0, 4, 0, 0, 0.23%, 0, 0, 2, 4577.58
1643200984, 29, 5, 7, 2, 2, 0.27%, 0, 0, 4, 4526.76
1643200989, 30, 6, 7, 0, 0, 0.27%, 0, 0, 4, 4674.99
1643200994, 31, 7, 8, 1, 1, 0.29%, 0, 0, 5, 4592.42
1643200999, 32, 7, 8, 0, 0, 0.29%, 0, 0, 5, 4556.03
1643201004, 34, 4, 8, 0, 0, 0.29%, 0, 0, 5, 4698.42
1643201010, 35, 5, 8, 0, 0, 0.29%, 0, 0, 5, 4786.27
1643201015, 37, 0, 8, 0, 0, 0.29%, 0, 0, 5, 4626.58
1643201020, 39, 7, 8, 0, 0, 0.29%, 0, 0, 5, 4680.09
1643201025, 43, 1, 8, 0, 0, 0.29%, 0, 0, 5, 4732.45
